p(mod 6)  1  5
sig(p^1)  2  0
sig(p^2)  3  1
sig(p^3)  4  0
sig(p^4)  5  1
sig(p^5)  0  0
sig(p^6)  1  1
sig(p^7)  2  0
sig(p^8)  3  1
sig(p^9)  4  0
sig(p^10)  5  1
sig(p^11)  0  0
sig(p^12)  1  1
sig(p^13)  2  0
sig(p^14)  3  1
sig(p^15)  4  0
sig(p^16)  5  1
sig(p^17)  0  0
sig(p^18)  1  1
sig(p^19)  2  0
sig(p^20)  3  1

p(mod 30)  1  7 11 13 17 19 23 29
sig(p^1)  2  8 12 14 18 20 24  0
sig(p^2)  3 27 13  3  7 21 13  1
sig(p^3)  4 10 24 10  0 10  0  0
sig(p^4)  5 11 25 11  1 11  1  1
sig(p^5)  6 18  6 24 18  0 24  0
sig(p^6)  7  7  7 13  7  1 13  1
sig(p^7)  8 20 18 20  0 20  0  0
sig(p^8)  9 21 19 21  1 21  1  1
sig(p^9) 10 28  0  4 18 10 24  0
sig(p^10) 11 17  1 23  7 11 13  1
sig(p^11) 12  0 12  0  0  0  0  0
sig(p^12) 13  1 13  1  1  1  1  1
sig(p^13) 14  8 24 14 18 20 24  0
sig(p^14) 15 27 25  3  7 21 13  1
sig(p^15) 16 10  6 10  0 10  0  0
sig(p^16) 17 11  7 11  1 11  1  1
sig(p^17) 18 18 18 24 18  0 24  0
sig(p^18) 19  7 19 13  7  1 13  1
sig(p^19) 20 20  0 20  0 20  0  0
sig(p^20) 21 21  1 21  1 21  1  1
sig(p^21) 22 28 12  4 18 10 24  0
sig(p^22) 23 17 13 23  7 11 13  1
sig(p^23) 24  0 24  0  0  0  0  0
sig(p^24) 25  1 25  1  1  1  1  1
sig(p^25) 26  8  6 14 18 20 24  0
sig(p^26) 27 27  7  3  7 21 13  1
sig(p^27) 28 10 18 10  0 10  0  0
sig(p^28) 29 11 19 11  1 11  1  1
sig(p^29)  0 18  0 24 18  0 24  0
